1.0 0 1.0
0.9 0 1.0
0.8 0 1.0
0.7 0 1.0
0.6 0 1.0
0.5 0 1.0
0.3999999999999999 0 1.0
0.29999999999999993 0 1.0
0.19999999999999996 0 1.0
0.09999999999999998 0 1.0
0.0 0 1.0
-0.10000000000000009 0 1.0
-0.20000000000000018 0 1.0
-0.30000000000000004 0 1.0
-0.40000000000000013 0 1.0
-0.5 0 1.0
-0.6000000000000001 0 1.0
-0.7000000000000002 0 1.0
-0.8 0 1.0
-0.9000000000000001 0 1.0
-1.0 0 1.0
-1.0 0 1.0
-1.0 0 0.9
-1.0 0 0.8
-1.0 0 0.7
-1.0 0 0.6
-1.0 0 0.5
-1.0 0 0.3999999999999999
-1.0 0 0.29999999999999993
-1.0 0 0.19999999999999996
-1.0 0 0.09999999999999998
-1.0 0 0.0
-1.0 0 -0.10000000000000009
-1.0 0 -0.20000000000000018
-1.0 0 -0.30000000000000004
-1.0 0 -0.40000000000000013
-1.0 0 -0.5
-1.0 0 -0.6000000000000001
-1.0 0 -0.7000000000000002
-1.0 0 -0.8
-1.0 0 -0.9000000000000001
-1.0 0 -1.0
-1.0 0 -1.0
-0.9 0 -1.0
-0.8 0 -1.0
-0.7 0 -1.0
-0.6 0 -1.0
-0.5 0 -1.0
-0.3999999999999999 0 -1.0
-0.29999999999999993 0 -1.0
-0.19999999999999996 0 -1.0
-0.09999999999999998 0 -1.0
0.0 0 -1.0
0.10000000000000009 0 -1.0
0.20000000000000018 0 -1.0
0.30000000000000004 0 -1.0
0.40000000000000013 0 -1.0
0.5 0 -1.0
0.6000000000000001 0 -1.0
0.7000000000000002 0 -1.0
0.8 0 -1.0
0.9000000000000001 0 -1.0
1.0 0 -1.0
1.0 0 -1.0
1.0 0 -0.9
1.0 0 -0.8
1.0 0 -0.7
1.0 0 -0.6
1.0 0 -0.5
1.0 0 -0.3999999999999999
1.0 0 -0.29999999999999993
1.0 0 -0.19999999999999996
1.0 0 -0.09999999999999998
1.0 0 0.0
1.0 0 0.10000000000000009
1.0 0 0.20000000000000018
1.0 0 0.30000000000000004
1.0 0 0.40000000000000013
1.0 0 0.5
1.0 0 0.6000000000000001
1.0 0 0.7000000000000002
1.0 0 0.8
1.0 0 0.9000000000000001
1.0 0 1.0
6.964884400000003	0	5.3992
6.864568799999994	0	5.3992
6.764253199999996	0	5.3992
6.663937599999999	0	5.3992
6.563621999999992	0	5.3992
6.463306399999993	0	5.3992
6.362990799999995	0	5.3992
6.262675199999998	0	5.3992
6.1623596	0	5.3992
6.062043999999992	0	5.3992
5.961728399999995	0	5.3992
5.861412799999997	0	5.3992
5.761097199999988	0	5.3992
5.660781599999991	0	5.3992
5.560465999999994	0	5.3992
5.460150399999996	0	5.3992
5.359834799999998	0	5.3992
5.25951919999999	0	5.3992
5.159203600000002	0	5.3992
5.058887999999995	0	5.3992
4.958572400000007	0	5.3992
4.858256799999999	0	5.3992
4.757941199999991	0	5.3992
4.657625600000004	0	5.3992
4.557309999999996	0	5.3992
4.456994399999998	0	5.3992
4.3566788	0	5.3992
4.256363200000003	0	5.3992
4.156047600000004	0	5.3992
4.055731999999997	0	5.3992
3.955416399999999	0	5.3992
3.855100800000001	0	5.3992
3.754785199999993	0	5.3992
3.654469599999996	0	5.3992
3.554153999999999	0	5.3992
3.4538384	0	5.3992
3.353522800000002	0	5.3992
3.253207200000005	0	5.3992
3.152891599999997	0	5.3992
3.05257600000001	0	5.3992
2.952260400000001	0	5.3992
2.851944799999994	0	5.3992
2.751629199999996	0	5.3992
2.651313599999998	0	5.3992
2.550998000000001	0	5.3992
2.450682400000002	0	5.3992
2.350366799999995	0	5.3992
2.250051200000007	0	5.3992
2.149735599999999	0	5.3992
2.049420000000001	0	5.3992
1.949104399999994	0	5.3992
1.848788799999996	0	5.3992
1.748473199999998	0	5.3992
1.6481576	0	5.3992
1.547842000000003	0	5.3992
1.447526400000005	0	5.3992
1.347210800000007	0	5.3992
1.2468952	0	5.3992
1.146579599999991	0	5.3992
1.046263999999994	0	5.3992
0.945948400000006	0	5.3992
0.8456327999999984	0	5.3992
0.7453172000000001	0	5.3992
0.6450016000000027	0	5.3992
0.5446860000000049	0	5.3992
0.4443703999999973	0	5.3992
0.3440547999999994	0	5.3992
0.2437392000000118	0	5.3992
0.1434236000000038	0	5.3992
0.04310799999999615	0	5.3992
-0.05720760000000169	0	5.3992
-0.1575231999999991	0	5.3992
-0.2578387999999974	0	5.3992
-0.3581543999999948	0	5.3992
-0.4584700000000028	0	5.3992
-0.5587855999999904	0	5.3992
-0.6591011999999981	0	5.3992
-0.7594167999999959	0	5.3992
-0.8597324000000035	0	5.3992
-0.9600480000000016	0	5.3992
-1.060363599999999	0	5.3992
-1.160679199999997	0	5.3992
-1.260994800000005	0	5.3992
-1.361310399999993	0	5.3992
-1.46162599999999	0	5.3992
-1.561941599999988	0	5.3992
-1.662257200000006	0	5.3992
-1.762572799999994	0	5.3992
-1.862888399999991	0	5.3992
-1.963203999999999	0	5.3992
-2.063519599999997	0	5.3992
-2.163835199999995	0	5.3992
-2.264150799999992	0	5.3992
-2.364466399999991	0	5.3992
-2.464781999999988	0	5.3992
-2.565097599999996	0	5.3992
-2.665413199999984	0	5.3992
-2.765728799999991	0	5.3992
-2.866044399999989	0	5.3992
-2.966359999999997	0	5.3992
-3.066675599999985	0	5.3992
-3.166991199999992	0	5.3992
-3.26730679999999	0	5.3992
-3.367622399999998	0	5.3992
-3.467937999999986	0	5.3992
-3.568253599999993	0	5.3992
-3.668569199999991	0	5.3992
-3.768884799999999	0	5.3992
-3.869200399999987	0	5.3992
-3.969515999999994	0	5.3992
-4.069831599999992	0	5.3992
-4.0929	0	5.321952799999999
-4.0929	0	5.221637200000015
-4.0929	0	5.121321600000008
-4.0929	0	5.021006000000009
-4.0929	0	4.920690400000008
-4.0929	0	4.820374800000009
-4.0929	0	4.720059200000001
-4.0929	0	4.619743600000008
-4.0929	0	4.519428000000001
-4.0929	0	4.419112400000002
-4.0929	0	4.318796800000009
-4.0929	0	4.218481200000002
-4.0929	0	4.118165600000003
-4.0929	0	4.017850000000003
-4.0929	0	3.917534400000003
-4.0929	0	3.817218799999996
-4.0929	0	3.716903199999996
-4.0929	0	3.616587599999996
-4.0929	0	3.516272000000004
-4.0929	0	3.415956399999997
-4.0929	0	3.315640800000004
-4.0929	0	3.215325199999997
-4.0929	0	3.115009599999997
-4.0929	0	3.014694000000005
-4.0929	0	2.914378399999998
-4.0929	0	2.814062799999998
-4.0929	0	2.713747200000006
-4.0929	0	2.613431599999998
-4.0929	0	2.513115999999991
-4.0929	0	2.412800399999991
-4.0929	0	2.312484799999999
-4.0929	0	2.212169199999999
-4.0929	0	2.111853599999992
-4.0929	0	2.011538
-4.0929	0	1.9112224
-4.0929	0	1.810906800000001
-4.0929	0	1.710591199999993
-4.0929	0	1.610275600000001
-4.0929	0	1.509960000000001
-4.0929	0	1.409644400000001
-4.0929	0	1.309328800000009
-4.0929	0	1.209013200000002
-4.0929	0	1.108697599999995
-4.0929	0	1.008382000000002
-4.0929	0	0.9080664000000025
-4.0929	0	0.8077508000000024
-4.0929	0	0.7074351999999955
-4.0929	0	0.6071196000000032
-4.0929	0	0.5068039999999956
-4.0929	0	0.4064884000000035
-4.0929	0	0.3061727999999964
-4.0929	0	0.2058572000000041
-4.0929	0	0.1055416000000042
-4.0929	0	0.005226000000004616
-4.0929	0	-0.09508960000000277
-4.0929	0	-0.1954051999999948
-4.0929	0	-0.2957208000000022
-4.0929	0	-0.3960363999999947
-4.0929	0	-0.4963520000000021
-4.0929	0	-0.5966675999999942
-4.0929	0	-0.6969832000000016
-4.0929	0	-0.797298800000001
-4.0929	0	-0.897614400000001
-4.0929	0	-0.9979299999999931
-4.0929	0	-1.0982456
-4.0929	0	-1.1985612
-4.0929	0	-1.2988768
-4.0929	0	-1.399192399999992
-4.0929	0	-1.499508
-4.0929	0	-1.599823599999999
-4.0929	0	-1.700139199999999
-4.0929	0	-1.800454799999991
-4.0929	0	-1.900770399999999
-4.0929	0	-2.001085999999999
-4.0929	0	-2.101401599999998
-4.0929	0	-2.201717199999998
-4.0929	0	-2.302032799999998
-4.0929	0	-2.402348400000005
-4.0929	0	-2.50266399999999
-4.0929	0	-2.602979599999997
-4.0929	0	-2.703295199999997
-4.0929	0	-2.803610799999997
-4.0929	0	-2.903926399999996
-4.0929	0	-3.004241999999996
-4.0929	0	-3.104557599999996
-4.167373199999999	0	-3.1304
-4.267688799999998	0	-3.1304
-4.368004399999999	0	-3.1304
-4.468319999999999	0	-3.1304
-4.568635599999999	0	-3.1304
-4.668951199999999	0	-3.1304
-4.7692668	0	-3.1304
-4.8695824	0	-3.1304
-4.969898000000001	0	-3.1304
-5.070213599999998	0	-3.1304
-5.170529200000001	0	-3.1304
-5.2708448	0	-3.1304
-5.371160400000001	0	-3.1304
-5.471475999999999	0	-3.1304
-5.571791600000001	0	-3.1304
-5.672107199999997	0	-3.1304
-5.6789	0	-3.223922799999996
-5.6789	0	-3.324238399999994
-5.6789	0	-3.424553999999996
-5.6789	0	-3.524869599999997
-5.6789	0	-3.625185199999993
-5.678900000000001	0	-3.725500799999997
-5.6789	0	-3.825816399999995
-5.6789	0	-3.926131999999997
-5.678899999999999	0	-4.026447599999996
-5.6789	0	-4.126763199999997
-5.6789	0	-4.227078799999996
-5.6789	0	-4.327394399999998
-5.6789	0	-4.427709999999996
-5.6789	0	-4.528025599999998
-5.6789	0	-4.628341199999996
-5.6789	0	-4.728656799999997
-5.6789	0	-4.828972399999996
-5.6789	0	-4.929287999999997
-5.6789	0	-5.029603599999995
-5.6789	0	-5.129919199999997
-5.6789	0	-5.230234799999995
-5.6789	0	-5.330550399999996
-5.6789	0	-5.430865999999996
-5.6789	0	-5.531181599999997
-5.6789	0	-5.631497199999998
-5.6789	0	-5.7318128
-5.6789	0	-5.832128399999996
-5.6789	0	-5.932443999999997
-5.6789	0	-6.032759599999999
-5.6789	0	-6.133075199999997
-5.6789	0	-6.233390799999995
-5.6789	0	-6.333706399999997
-5.6789	0	-6.434021999999999
-5.6789	0	-6.534337599999996
-5.678900000000001	0	-6.634653199999995
-5.6789	0	-6.734968800000001
-5.678900000000001	0	-6.835284399999998
-5.6789	0	-6.9356
-5.578584399999996	0	-6.9356
-5.478268800000003	0	-6.9356
-5.377953199999999	0	-6.9356
-5.277637600000001	0	-6.9356
-5.177321999999998	0	-6.9356
-5.077006399999999	0	-6.9356
-4.976690800000001	0	-6.9356
-4.876375200000004	0	-6.9356
-4.776059599999999	0	-6.9356
-4.675744000000001	0	-6.9356
-4.575428400000003	0	-6.9356
-4.475112800000004	0	-6.9356
-4.374797200000006	0	-6.935599999999999
-4.274481600000003	0	-6.9356
-4.174166000000004	0	-6.9356
-4.073850400000006	0	-6.9356
-3.973534800000003	0	-6.9356
-3.873219200000004	0	-6.9356
-3.772903600000006	0	-6.9356
-3.672588000000003	0	-6.935599999999999
-3.572272400000004	0	-6.935599999999999
-3.471956800000005	0	-6.9356
-3.371641200000003	0	-6.9356
-3.27132560000001	0	-6.9356
-3.171010000000005	0	-6.935600000000001
-3.070694400000008	0	-6.935599999999999
-2.970378800000004	0	-6.9356
-2.870063200000005	0	-6.9356
-2.769747600000002	0	-6.9356
-2.669432000000009	0	-6.9356
-2.569116400000005	0	-6.9356
-2.468800800000007	0	-6.9356
-2.368485200000004	0	-6.935599999999999
-2.268169600000005	0	-6.935599999999999
-2.167854000000002	0	-6.9356
-2.067538400000004	0	-6.9356
-1.967222800000006	0	-6.935600000000001
-1.866907200000002	0	-6.9356
-1.766591600000003	0	-6.9356
-1.666276000000006	0	-6.9356
-1.565960400000002	0	-6.935599999999999
-1.465644800000003	0	-6.935599999999999
-1.365329200000005	0	-6.9356
-1.265013600000002	0	-6.935600000000001
-1.164698000000003	0	-6.935600000000001
-1.064382400000005	0	-6.935600000000001
-0.9640668000000017	0	-6.9356
-0.8637512000000034	0	-6.9356
-0.7634356000000051	0	-6.9356
-0.6631200000000015	0	-6.9356
-0.5628044000000032	0	-6.9356
-0.4624887999999996	0	-6.9356
-0.3621732000000017	0	-6.9356
-0.2618575999999981	0	-6.9356
-0.1615420000000047	0	-6.9356
-0.06122640000000157	0	-6.9356
0.03908919999999716	0	-6.9356
0.1394048000000008	0	-6.9356
0.2397203999999986	0	-6.9356
0.3400360000000022	0	-6.9356
0.4403515999999952	0	-6.9356
0.5406672000000041	0	-6.9356
0.6409828000000024	0	-6.9356
0.7412984000000007	0	-6.9356
0.841613999999999	0	-6.9356
0.9419296000000021	0	-6.9356
1.042245200000001	0	-6.9356
1.142560800000004	0	-6.935600000000001
1.242876400000002	0	-6.935600000000001
1.343192000000006	0	-6.9356
1.443507599999999	0	-6.9356
1.543823200000003	0	-6.935599999999999
1.644138800000001	0	-6.935599999999999
1.744454400000004	0	-6.9356
1.844770000000003	0	-6.9356
1.945085600000001	0	-6.9356
2.045401200000005	0	-6.9356
2.145716800000003	0	-6.9356
2.246032400000006	0	-6.935599999999999
2.346348	0	-6.9356
2.446663600000003	0	-6.935600000000001
2.546979200000001	0	-6.935600000000001
2.647294800000004	0	-6.9356
2.747610400000003	0	-6.9356
2.847926000000006	0	-6.9356
2.948241599999999	0	-6.935599999999999
3.048557200000003	0	-6.9356
3.148872800000001	0	-6.9356
3.249188400000005	0	-6.9356
3.349504000000004	0	-6.9356
3.449819600000001	0	-6.9356
3.5501352	0	-6.9356
3.650450800000004	0	-6.935599999999999
3.750766400000002	0	-6.935600000000001
3.851082	0	-6.9356
3.951397600000003	0	-6.9356
4.051713200000002	0	-6.9356
4.1520288	0	-6.9356
4.252344400000004	0	-6.9356
4.352660000000002	0	-6.9356
4.4529756	0	-6.9356
4.553291200000004	0	-6.9356
4.653606799999997	0	-6.9356
4.7539224	0	-6.9356
4.854238000000004	0	-6.9356
4.954553599999996	0	-6.9356
5.054869200000001	0	-6.935600000000001
5.155184799999999	0	-6.9356
5.255500399999996	0	-6.9356
5.355816000000001	0	-6.9356
5.456131599999999	0	-6.9356
5.556447199999996	0	-6.9356
5.656762800000001	0	-6.9356
5.757078399999999	0	-6.9356
5.857393999999997	0	-6.9356
5.957709600000001	0	-6.9356
6.0325	0	-6.9100748
6.0325	0	-6.809759199999998
6.0325	0	-6.709443599999998
6.0325	0	-6.609128000000002
6.0325	0	-6.508812399999999
6.0325	0	-6.408496799999999
6.0325	0	-6.308181199999999
6.0325	0	-6.207865599999996
6.0325	0	-6.107549999999998
6.0325	0	-6.007234400000001
6.0325	0	-5.906918800000001
6.0325	0	-5.806603200000001
6.0325	0	-5.706287599999999
6.0325	0	-5.605972
6.0325	0	-5.5056564
6.0325	0	-5.405340800000004
6.032500000000001	0	-5.305025200000001
6.0325	0	-5.204709600000001
6.0325	0	-5.104394000000002
6.0325	0	-5.004078400000003
6.0325	0	-4.903762800000003
6.032499999999999	0	-4.803447200000003
6.0325	0	-4.7031316
6.0325	0	-4.602816000000004
6.0325	0	-4.502500400000002
6.0325	0	-4.402184799999999
6.0325	0	-4.301869199999999
6.0325	0	-4.2015536
6.0325	0	-4.101237999999999
6.0325	0	-4.000922399999999
6.0325	0	-3.900606800000001
6.0325	0	-3.800291200000001
6.0325	0	-3.699975600000001
6.0325	0	-3.599660000000002
6.0325	0	-3.499344399999999
6.0325	0	-3.3990288
6.0325	0	-3.298713199999997
6.0325	0	-3.1983976
6.0325	0	-3.098081999999998
6.0325	0	-2.997766399999998
6.0325	0	-2.897450799999998
6.0325	0	-2.797135199999999
6.0325	0	-2.6968196
6.0325	0	-2.596503999999999
6.0325	0	-2.4961884
6.0325	0	-2.395872799999998
6.0325	0	-2.295557200000002
6.0325	0	-2.195241600000001
6.0325	0	-2.094926000000002
6.0325	0	-1.994610400000003
6.0325	0	-1.894294799999997
6.0325	0	-1.7939792
6.0325	0	-1.693663599999997
6.032500000000001	0	-1.593347999999998
6.032499999999999	0	-1.493032399999998
6.0325	0	-1.392716799999999
6.0325	0	-1.292401199999999
6.0325	0	-1.1920856
6.0325	0	-1.09177
6.032499999999999	0	-0.9914544000000005
6.0325	0	-0.8911387999999976
6.0325	0	-0.7908232000000015
6.0325	0	-0.6905075999999986
6.0325	0	-0.5901919999999989
6.032500000000001	0	-0.4898763999999994
6.0325	0	-0.3895607999999999
6.0325	0	-0.289245199999997
6.0325	0	-0.1889296000000008
6.0325	0	-0.08861400000000119
6.0325	0	0.01170160000000159
6.0325	0	0.1120172000000011
6.0325	0	0.2123328000000007
6.0325	0	0.3126484000000003
6.079074000000001	0	0.36639
6.1793896	0	0.36639
6.2797052	0	0.36639
6.3800208	0	0.36639
6.480336400000001	0	0.36639
6.580652000000001	0	0.36639
6.680967600000001	0	0.36639
6.781283200000001	0	0.36639
6.881598800000001	0	0.36639
6.981914400000001	0	0.36639
7.0652	0	0.3834200000000006
7.0652	0	0.4837356000000008
7.0652	0	0.584051200000001
7.0652	0	0.6843668000000012
7.065200000000001	0	0.7846824000000003
7.0652	0	0.8849980000000006
7.0652	0	0.9853136000000007
7.0652	0	1.0856292
7.065199999999999	0	1.1859448
7.0652	0	1.2862604
7.0652	0	1.386575999999999
7.0652	0	1.486891599999999
7.065199999999999	0	1.5872072
7.0652	0	1.6875228
7.065199999999999	0	1.7878384
7.0652	0	1.888154
7.065200000000001	0	1.9884696
7.0652	0	2.0887852
7.065200000000001	0	2.1891008
7.0652	0	2.2894164
7.0652	0	2.389732
7.0652	0	2.4900476
7.0652	0	2.590363200000001
7.0652	0	2.690678800000001
7.0652	0	2.790994400000001
7.0652	0	2.891310000000001
7.065200000000001	0	2.991625600000001
7.065200000000001	0	3.091941200000002
7.0652	0	3.192256800000001
7.065200000000001	0	3.292572400000001
7.0652	0	3.392888000000001
7.065200000000001	0	3.493203600000002
7.065200000000001	0	3.593519200000001
7.065200000000001	0	3.693834800000001
7.065199999999999	0	3.794150400000001
7.065200000000001	0	3.894466000000001
7.0652	0	3.9947816
7.065200000000001	0	4.095097200000001
7.0652	0	4.195412800000001
7.0652	0	4.295728400000001
7.0652	0	4.396044000000001
7.0652	0	4.496359600000001
7.0652	0	4.5966752
7.0652	0	4.6969908
7.0652	0	4.7973064
7.065200000000001	0	4.897622000000001
7.065200000000001	0	4.997937600000001
7.0652	0	5.098253200000001
7.0652	0	5.1985688
7.0652	0	5.2988844
7.0652	0	5.3992
